-302.7498
-268.9986
-268.9986
-265.4781
-264.4723
-265.4781
-265.4781
-265.4781
-265.4781
-265.4781
-265.4781
-265.4781
-265.4781
-265.4781
-250.6757
-250.6757
-250.6757
-249.67
-249.67
-237.8755
-237.8755
-234.9756
-237.8755
-237.8755
-237.8755
-237.8755
-237.8755
-237.8755
-237.8755
-237.8755
-237.8755
-237.8755
-237.8755
-233.3812
-233.3812
-232.5857
-232.5857
-232.5857
-232.5857
-232.5857
-227.2419
-227.2419
-227.2419
-227.2419
-227.2419
-227.2419
-227.2419
-227.2419
-227.2419
-227.2419
-227.2419
-227.2419
-227.2419
-227.2419
-227.2419
-227.2419
-227.2419
-227.2419
-227.2419
-227.2419
-226.5354
-211.4039
-211.4039
-211.4039
-211.4039
-211.4039
-211.4039
-211.4039
-211.4039
-211.4039
-195.8134
-181.8461
-181.8461
-181.8461
-181.8461
-181.8461
-181.7969
-181.7969
-181.7969
-181.7969
-181.7969
-180.2304
-180.2304
-180.2304
-180.2304
-180.2304
-180.2304
-180.2304
-180.2304
-180.2304
-180.2304
-172.5177
-172.5177
-172.5177
-172.5177
-172.5177
-172.5177
-172.5177
-172.5177
-172.5177
-172.5177
-172.1835
-172.1835
-172.1835
-172.1835
-171.847
-171.847
-171.847
-171.847
-171.847
-171.847
-171.847
-171.847
-171.847
-171.847
-171.847
-171.847
-171.847
-171.847
-171.847
-171.847
-171.847
-171.847
-171.847
-171.847
-171.847
-171.847
-171.847
-171.847
-171.847
-171.847
-171.847
-171.847
-171.847
-171.847
-171.847
-171.847
-171.847
-171.847
-171.847
-171.847
-171.847
-171.847
-171.847
-171.847
-171.847
-171.847
-171.847
-171.847
-171.847
-171.847
-171.847
-171.847
-171.847
-171.847
-171.847
-171.847
-171.847
-171.847
-171.847
-171.847
-171.847
-171.847
-171.847
-171.847
-171.847
-171.847
-171.847
-171.847
-170.9881
-170.9881
-170.9881
-170.9881
-170.9881
-170.9881
-167.5184
-167.5184
-167.5184
-167.5184
-167.5184
-167.5184
-167.5184
-167.5184
-167.5184
-167.5184
-167.5184
-167.5184
-167.5184
-167.5184
-167.5184
-167.5184
-167.5184
-167.5184
-165.8234
-165.8234
-165.8234
-165.8234
-165.8234
-165.8234
-165.8234
-165.8234
-165.8234
-165.8234
-165.8234
-165.8234
-165.8234
-165.8234
-165.8234
-165.8234
-165.8234
-165.8234
-165.8234
-165.8234
-165.8234
-165.8234
-165.8234
-165.8234
-165.8234
-165.8234
-165.8234
-165.8234
-165.8234
-165.8234
-165.8234
-165.8234
-165.8234
-165.8234
-165.8234
-165.8234
-165.8234
-165.8234
-165.8234
-165.8234
-165.8234
-165.8234
-165.8234
-165.8234
-165.8234
-165.8234
-165.8234
-165.8234
-165.8234
-165.8234
-165.8234
-165.8234
-165.8234
-165.8234
-165.8234
-165.8234
-165.8234
-165.8234
-165.8234
-165.8234
-165.8234
-165.8234
-165.8234
-165.8234
-165.8234
-165.8234
-165.8234
-165.8234
-165.8234
-165.8234
-165.8234
-165.8234
-165.8234
-165.8234
-165.8234
-165.8234
-165.8234
-165.8234
-165.8234
-165.8234
-165.8234
-165.8234
-165.8234
-165.8234
-165.8234
-165.8234
-165.8234
-165.8234
-165.8234
-165.8234
-165.8234
-165.8234
-165.8234
-165.8234
-165.8234
-165.8234
-165.8234
-165.8234
-165.8234
-165.8234
-165.8234
-165.8234
-165.8234
-165.8234
-165.8234
-165.8234
-165.8234
-165.8234
