-425.6977
-393.6148
-372.7576
-351.4779
-337.6447
-323.916
-310.3682
-310.4176
-306.1252
-309.676
-298.4194
-299.2608
-294.5413
-297.6151
-296.7996
-280.9592
-283.0954
-281.708
-276.9849
-276.1572
-282.207
-277.4716
-273.5287
-275.2361
-268.4809
-266.8473
-265.7565
-265.1373
-266.48
-261.6276
-264.578
-260.5317
-262.4126
-262.5165
-258.7519
-260.8589
-264.9486
-264.5225
-258.0779
-256.2452
-254.9114
-259.9129
-256.2984
-255.6693
-256.9589
-255.8844
-255.2214
-259.3834
-259.8971
-259.4996
-255.2779
-254.8313
-257.9083
-264.6354
-263.4109
-263.8254
-258.4067
-253.0012
-255.7911
-256.2715
-252.1162
-255.4818
-254.3119
-254.3185
-253.7502
-256.6562
-253.4481
-255.4417
-250.9632
-250.0751
-249.6005
-248.2942
-251.0311
-253.7454
-247.9794
-247.699
-252.625
-246.7352
-248.1727
-240.6929
-242.3821
-256.5525
-239.3571
-237.2955
-242.091
-231.2343
-234.2036
-234.1783
-236.0376
-236.2129
-229.6645
-226.5812
-236.1589
-237.1595
-227.0366
-230.0891
-225.6203
-232.9838
-230.7581
-232.6694
-224.6763
-226.1607
-228.8931
-221.6646
-223.9761
-220.6626
-223.1732
-223.175
-220.6626
-220.9052
-219.9693
-228.3566
-222.619
-221.5338
-225.2924
-219.1772
-219.0826
-225.5064
-224.1125
-222.3307
-223.7873
-223.1117
-224.5618
-220.4973
-219.8823
-218.9879
-225.6063
-218.9879
-223.8673
-222.7784
-222.7639
-225.0949
-221.4109
-227.555
-223.0562
-218.9879
-226.0026
-234.9193
-224.0291
-225.8626
-222.1929
-220.1569
-221.1884
-223.7445
-228.0689
-221.3472
-219.8656
-229.855
-229.1336
-220.0274
-222.2823
-222.8314
-218.6436
-218.6047
-219.2744
-217.7747
-226.9092
-217.7147
-226.7828
-225.4443
-220.9578
-220.4236
-220.3103
-221.0296
-218.5743
-219.0409
-222.5361
-223.4486
-217.5506
-222.7409
-225.6058
-218.239
-223.7225
-227.0489
-218.828
-217.5506
-220.2274
-221.9106
-223.759
-222.4464
-235.5457
-223.5443
-218.6305
-218.5955
-219.1115
-221.278
-221.9499
-223.9253
-218.8338
-219.077
-224.4047
-214.7826
-216.1043
-210.7551
-210.1264
-208.3041
-210.1083
-208.4321
-220.1255
-216.8511
-209.0355
-210.1429
-211.1027
-211.7859
-209.6729
-208.1679
-210.8102
-215.3848
-213.6754
-207.3505
-213.766
-216.283
-211.6416
-214.9376
-208.8004
-208.9452
-208.3933
-209.1021
-209.7327
-210.3175
-213.745
-210.2949
-211.6611
-213.8224
-222.7608
-208.7689
-211.4803
-213.5932
-213.3895
-212.6527
-211.7707
-213.7147
-210.7334
-210.7014
-213.0447
-208.4573
-217.1792
-219.7164
-221.3726
-211.2425
-207.4351
-210.8205
-207.3505
-215.2567
-207.3505
-211.5547
-213.2982
-210.1439
-225.1597
-207.8887
-210.4568
-213.6969
-215.2732
-215.7769
-208.0023
-209.1491
-207.3505
-213.4683
-208.4247
-213.2982
-212.6537
-210.0273
-207.3505
-218.436
-218.3449
-211.3412
-207.5427
-208.5059
-208.5704
-213.5143
-211.4056
-210.6703
-211.0336
-211.9398
-209.2222
-211.2644
-214.9864
-209.2026
-214.0619
-208.6917
-209.4788
-211.9071
-214.1514
-213.156
-210.714
-210.1665
-207.8887
-211.5819
-211.2834
-217.4
-219.1577
-210.0226
-208.6795
-213.5574
-212.3375
-210.3696
-214.1517
-210.4247
-210.8015
-209.5389
-213.8283
