-355.9446
-347.4615
-336.2266
-315.6394
-308.0546
-308.0546
-308.0546
-296.2455
-287.9741
-287.9254
-287.9254
-287.9254
-287.9254
-275.696
-275.6805
-268.5536
-268.5536
-268.5536
-268.5536
-268.5536
-268.5536
-268.5536
-268.5536
-265.1868
-257.435
-257.435
-257.435
-257.435
-257.435
-254.3973
-254.3973
-254.3973
-254.3973
-254.3973
-254.3973
-254.3973
-254.3973
-254.2003
-253.61
-253.61
-253.61
-253.61
-253.61
-253.61
-253.61
-253.61
-253.61
-253.61
-253.61
-253.61
-253.61
-253.61
-249.226
-249.226
-249.226
-249.226
-249.226
-249.226
-249.226
-249.226
-249.226
-249.226
-249.226
-247.8127
-247.8127
-247.8127
-247.2393
-245.1944
-245.1944
-245.1944
-245.1944
-245.1944
-245.1944
-245.1944
-237.4408
-237.4408
-237.4408
-237.4408
-237.4408
-237.4408
-228.4753
-228.4753
-228.4753
-228.4753
-228.4753
-228.4753
-228.4753
-228.4753
-222.8613
-222.8613
-222.8613
-222.8613
-222.8613
-222.8613
-222.8613
-222.8613
-222.8613
-222.8613
-219.6402
-219.6402
-219.6402
-219.6402
-217.6362
-217.6362
-217.6362
-217.6362
-217.6362
-217.6362
-217.6362
-215.9676
-215.9676
-215.9676
-215.9676
-215.589
-215.589
-215.589
-215.589
-215.589
-215.589
-215.589
-215.589
-215.589
-215.589
-215.589
-215.589
-215.589
-215.589
-215.589
-215.589
-215.589
-215.589
-215.589
-215.589
-215.589
-215.589
-215.589
-215.589
-215.589
-215.589
-215.589
-215.589
-215.589
-215.589
-215.589
-215.589
-215.589
-215.589
-215.589
-215.589
-215.589
-215.589
-214.2445
-214.2445
-214.2445
-214.2445
-214.2445
-214.2445
-214.2445
-214.2445
-214.2445
-214.2445
-214.2445
-214.2445
-214.2445
-214.2445
-214.2445
-214.2445
-214.2445
-214.2445
-214.2445
-214.2445
-214.2445
-214.2445
-214.2445
-214.2445
-214.2445
-214.2445
-214.2445
-214.2445
-214.2445
-214.2445
-214.2445
-214.2445
-214.2445
-214.2445
-214.2445
-214.2445
-214.2445
-214.2445
-214.2445
-211.1904
-206.3104
-206.3104
-206.3104
-206.3104
-205.5177
-205.5177
-205.5177
-205.5177
-205.5177
-205.5177
-205.5177
-205.5177
-205.5177
-205.5177
-205.5177
-205.5177
-205.5177
-205.5177
-205.5177
-205.5177
-205.5177
-205.5177
-205.5177
-205.5177
-205.5177
-205.5177
-205.5177
-205.5177
-205.5177
-205.5177
-205.5177
-205.5177
-205.5177
-205.5177
-205.5177
-205.5177
-205.5177
-205.5177
-205.5177
-205.5177
-205.5177
-205.5177
-205.5177
-205.5177
-205.5177
-205.5177
-205.5177
-205.5177
-205.5177
-205.5177
-205.5177
-205.5177
-205.5177
-205.5177
-205.5177
-205.5177
-205.5177
-205.5177
-205.5177
-205.5177
-205.5177
-205.5177
-205.5177
-205.5177
-205.5177
-205.5177
-205.5177
-205.5177
-205.5177
-205.5177
-205.5177
-205.5177
-205.5177
-205.5177
-205.5177
-205.5177
-205.5177
-205.5177
-205.5177
-205.5177
-205.5177
-205.5177
-205.5177
-205.5177
-205.5177
-205.5177
-205.5177
-205.5177
-205.5177
-205.5177
-205.5177
-205.5177
-205.5177
-205.5177
-205.5177
-205.5177
-205.5177
-205.5177
-205.5177
-205.5177
-205.5177
-205.5177
-205.5177
-205.5177
-205.5177
-205.5177
-205.5177
-205.5177
-205.5177
-205.5177
