-394.2452
-353.2235
-326.9598
-315.1838
-302.6498
-290.0366
-291.5546
-287.859
-286.6331
-285.2556
-282.4553
-288.8462
-285.6237
-285.2521
-278.1144
-272.2278
-273.9363
-270.1662
-272.5732
-265.5709
-259.6309
-263.8277
-256.5765
-258.2151
-261.0998
-255.7956
-257.3318
-256.175
-260.9754
-254.6283
-256.6333
-254.0748
-252.2422
-251.9141
-252.7963
-252.3367
-246.9846
-241.5117
-246.24
-251.2709
-242.0797
-250.2881
-242.5219
-241.3051
-241.3051
-243.4763
-245.9797
-248.0471
-241.5369
-242.1872
-243.4165
-243.1724
-242.4859
-243.4165
-242.4857
-247.2816
-242.8943
-241.3051
-244.5957
-241.3051
-244.0598
-241.4229
-241.3051
-241.3051
-243.8354
-245.0347
-248.4981
-249.9127
-244.036
-245.6092
-243.7908
-248.4953
-243.3589
-242.9078
-244.3079
-239.578
-236.2527
-236.9527
-239.8598
-236.2527
-238.2235
-242.137
-236.1235
-237.3783
-239.7996
-236.2527
-239.007
-240.1705
-240.8878
-240.096
-240.0399
-236.5824
-238.9867
-240.6555
-245.7561
-243.7245
-237.3296
-237.6367
-236.2527
-236.6211
-243.0835
-237.0711
-236.8569
-232.8297
-233.5403
-238.7557
-233.1012
-238.2511
-235.6982
-234.2985
-235.5221
-235.466
-239.984
-235.2152
-240.559
-231.9191
-238.4662
-236.486
-231.9191
-233.9512
-235.8221
-234.0793
-231.6526
-237.3618
-231.7752
-229.8643
-232.8745
-234.1036
-233.7067
-228.7206
-230.5306
-229.3313
-231.1906
-229.5345
-228.7206
-239.6297
-228.7206
-236.6156
-229.3624
-231.014
-229.413
-232.0734
-239.1258
-229.9908
-229.3617
-232.3638
-235.3956
-234.1252
-233.1327
-230.2482
-233.2924
-229.112
-228.7206
-230.9584
-244.4457
-229.8426
-234.2212
-228.7251
-235.4352
-230.2001
-231.4726
-230.1683
-231.3126
-230.8949
-230.0987
-230.2001
-230.7488
-230.6562
-238.525
-233.5849
-236.9709
-237.7426
-236.793
-234.0778
-229.9602
-229.8756
-229.6639
-224.5246
-226.9305
-216.0485
-216.4239
-209.4612
-213.2867
-211.3991
-214.5132
-211.2072
-207.3639
-213.3174
-214.3588
-206.8882
-208.1072
-213.2797
-207.2034
-209.1316
-204.6044
-203.6247
-203.3851
-203.2332
-208.6082
-207.931
-211.3799
-206.038
-201.9888
-216.0952
-203.8716
-207.8304
-206.8731
-204.7134
-205.7424
-203.6575
-207.0996
-207.7472
-201.9888
-204.0531
-203.8746
-210.8518
-203.62
-210.1847
-205.735
-212.8672
-202.6554
-202.7833
-212.6057
-213.646
-206.7232
-204.9804
-203.2982
-202.5342
-203.8634
-208.1777
-201.4419
-206.1074
-202.2843
-212.8474
-207.2062
-207.7938
-203.7419
-205.6654
-201.7464
-210.5847
-206.3659
-203.1827
-201.0604
-204.6568
-200.4749
-203.1352
-208.254
-202.8294
-204.0452
-201.7989
-200.8451
-202.3238
-199.9529
-206.4803
-203.1049
-205.9592
-200.7908
-207.2725
-201.1148
-203.9584
-199.9736
-200.9724
-199.3221
-206.5004
-208.5355
-202.9011
-199.2324
-202.0879
-199.2293
-200.9025
-200.6351
-200.796
-210.1052
-211.5777
-200.964
-200.6351
-203.4672
-206.2
-204.7217
-204.5836
-200.2265
-199.8472
-202.1927
-204.6799
-198.9375
-205.5939
-205.5137
-199.183
-198.6614
-214.9321
-201.0094
-198.6614
-209.1281
-198.6614
-198.6614
-206.305
-201.0149
-198.6614
-199.2044
-208.8941
-198.4362
