-351.0667
-323.5072
-299.312
-287.1079
-271.9117
-272.878
-269.8904
-266.8488
-273.867
-267.1807
-269.883
-269.8597
-268.0579
-266.7429
-267.3391
-262.361
-258.128
-253.7867
-255.9008
-250.6734
-249.1599
-240.5694
-241.9633
-242.636
-239.7086
-243.2399
-243.956
-240.6927
-245.7836
-239.5635
-239.5635
-239.5635
-244.7328
-239.4008
-239.8724
-236.9378
-235.9189
-240.5634
-235.1326
-235.0663
-240.6633
-235.2108
-232.8094
-234.5605
-229.8234
-230.7392
-232.0121
-229.09
-230.2155
-230.1671
-229.4156
-231.4544
-228.9792
-229.2813
-230.0726
-230.4655
-233.6961
-236.5573
-229.3909
-230.1598
-230.4612
-228.7884
-225.6657
-222.1251
-216.7693
-218.4829
-218.7313
-214.0227
-217.5628
-214.0227
-214.578
-204.2362
-198.6456
-184.5461
-183.6209
-184.1874
-185.5632
-183.557
-184.1923
-189.6779
-189.2207
-183.3977
-185.4941
-185.2749
-184.8693
-187.8788
-183.763
-182.7526
-186.3804
-185.9919
-183.7668
-185.3253
-179.0523
-182.7966
-182.4708
-175.0738
-183.9304
-175.0399
-183.6788
-179.3379
-177.7315
-175.012
-185.3291
-178.0654
-179.495
-174.8442
-176.1572
-178.5076
-174.422
-179.5684
-174.4268
-175.8483
-175.8764
-183.4054
-180.9545
-183.0956
-178.7281
-176.2607
-177.9642
-174.1981
-176.4712
-175.8172
-177.3076
-174.6157
-177.4182
-186.7546
-175.2085
-174.5946
-183.1994
-174.1981
-174.1981
-174.1981
-179.9052
-174.1981
-182.5633
-177.5406
-177.8719
-178.8982
-182.812
-179.593
-181.5315
-174.2584
-179.2883
-174.2643
-174.1981
-183.1792
-180.4101
-174.1981
-177.0982
-174.8904
-179.328
-174.1981
-176.9008
-174.6243
-179.3703
-177.2694
-174.1981
-182.487
-178.7992
-175.572
-174.766
-181.533
-176.8998
-184.7191
-177.6731
-178.124
-181.7915
-177.6416
-174.6243
-174.7061
-174.7696
-173.8605
-180.434
-178.5452
-176.1988
-174.857
-175.0077
-175.0629
-174.2892
-174.4086
-172.2671
-169.7386
-172.4414
-175.1747
-175.3727
-172.1492
-170.9644
-173.985
-173.8277
-177.5697
-170.0341
-174.5692
-172.514
-172.5142
-169.8294
-176.0989
-172.1483
-172.573
-169.3676
-171.723
-174.3215
-171.0708
-179.6596
-173.2088
-169.6438
-172.8895
-169.4428
-170.4083
-173.6099
-171.0635
-175.7698
-171.7636
-168.4098
-171.5695
-170.7416
-175.2502
-171.3849
-168.4098
-170.5087
-171.1872
-169.9588
-168.754
-173.0387
-173.9947
-170.4826
-172.3821
-174.5442
-168.6119
-173.181
-168.4098
-176.0734
-168.7773
-168.4098
-172.611
-173.8924
-170.4553
-168.4098
-172.369
-169.424
-168.4098
-178.826
-178.6793
-173.5911
-168.4098
-173.9964
-180.4652
-168.4098
-172.4685
-171.8108
-169.424
-174.9116
-172.9141
-171.5024
-168.663
-177.938
-168.4098
-170.2208
-170.2517
-169.9256
-172.4626
-168.8063
-169.9089
-173.6189
-169.0714
-168.4098
-171.1017
-172.7066
-172.1796
-168.7773
-172.3291
-172.5586
-178.2026
-169.0714
-175.1982
-168.9793
-178.6461
-174.8757
-169.8737
-168.6723
-171.1113
-174.2456
-169.7929
-169.0161
-179.4042
-169.0161
-179.6404
-170.6815
-168.6723
-170.3559
-172.9035
-172.4501
-168.4098
-169.8068
-172.0295
-168.4098
-175.5721
-170.2483
-168.4098
-170.9818
-172.2879
-169.7354
