-433.0765
-378.1268
-337.8607
-318.9288
-312.7438
-309.1173
-289.8864
-289.8553
-281.2895
-275.3128
-281.1899
-270.044
-264.1047
-264.6662
-276.1331
-262.3117
-260.2749
-267.0514
-257.535
-257.8286
-256.8727
-255.237
-260.1657
-260.1695
-257.2124
-254.7824
-258.9246
-255.2573
-257.7472
-258.6506
-260.2026
-254.8829
-254.7824
-261.3134
-258.5394
-255.9457
-267.6831
-254.7824
-262.5035
-261.0305
-266.0098
-256.4387
-267.2675
-260.7775
-259.985
-260.9751
-257.8941
-255.5491
-257.2425
-254.4204
-257.9637
-253.3356
-255.5227
-261.8022
-258.9748
-265.4556
-258.0506
-254.5313
-260.4905
-254.0142
-253.1445
-258.6474
-258.7372
-259.4498
-255.7659
-253.2265
-252.6544
-252.1413
-250.8495
-254.3332
-253.8796
-253.2852
-257.1394
-254.7677
-250.8495
-251.7435
-250.8495
-257.9225
-257.9567
-253.2106
-250.8495
-258.5075
-257.2213
-254.7657
-250.8495
-256.5851
-255.5807
-250.8495
-260.4777
-252.7606
-255.0656
-250.5656
-262.7039
-249.9991
-250.8025
-249.9991
-249.9991
-258.0125
-249.9991
-257.597
-250.4777
-251.3778
-251.3993
-256.9199
-251.5139
-252.5403
-251.2673
-253.4859
-250.0895
-250.5395
-254.6077
-252.4495
-248.3936
-248.4343
-252.7284
-251.7145
-254.4476
-252.1592
-249.1667
-248.1732
-256.8048
-252.7441
-248.1732
-252.0434
-254.0935
-248.1732
-248.1732
-250.7965
-253.3075
-249.9464
-249.0288
-249.2777
-258.5331
-263.6248
-252.2691
-249.8847
-252.7825
-259.6941
-258.9129
-250.2086
-251.4931
-249.1667
-259.0903
-249.7553
-256.8856
-250.2354
-248.1732
-249.7339
-252.093
-251.1253
-251.0009
-250.5431
-252.0142
-248.5434
-257.0684
-262.1768
-248.1732
-258.7495
-248.1732
-250.5168
-249.2977
-248.2451
-257.0991
-256.8612
-251.5753
-249.3826
-255.206
-253.9044
-246.211
-253.9779
-246.3777
-252.0873
-246.1909
-246.4239
-252.1237
-251.6903
-248.8921
-243.716
-248.8051
-250.4969
-242.7982
-254.4285
-246.016
-245.8864
-242.9677
-242.3559
-240.7982
-239.7758
-248.476
-241.2314
-240.9674
-239.7758
-241.1786
-248.9927
-245.8765
-239.8607
-241.0945
-240.0569
-241.0593
-243.1412
-244.5856
-241.8013
-244.9353
-242.5321
-238.3636
-234.7643
-236.1537
-234.0347
-238.032
-237.7811
-237.4414
-236.9872
-233.3904
-231.2777
-239.866
-235.035
-239.7348
-237.2557
-231.4667
-231.429
-235.948
-234.1857
-237.439
-235.891
-231.4008
-231.4008
-238.8468
-240.2303
-232.7878
-248.1949
-239.1272
-235.5467
-238.5945
-235.2549
-244.5097
-235.6616
-232.7715
-237.2385
-232.6577
-236.6858
-230.5557
-235.3169
-241.0991
-240.6951
-243.7697
-231.7439
-240.2561
-233.805
-229.1492
-230.3439
-230.2537
-240.3295
-233.3207
-230.9146
-229.1492
-230.5143
-235.1366
-229.1693
-239.3074
-231.5229
-237.0242
-235.6413
-229.1492
-229.1693
-233.9041
-232.8946
-229.6244
-234.653
-229.2602
-233.2098
-236.0861
-237.8
-231.8308
-232.2474
-241.997
-243.5453
-229.6772
-231.3235
-236.9123
-229.1492
-232.9268
-235.4307
-240.9761
-235.825
-236.529
-231.1628
-233.6828
-229.3852
-231.4631
-243.5385
-235.225
-237.3806
-233.1345
-240.2699
-230.4192
-229.4103
-229.5966
-238.6331
-243.8615
-229.1492
-233.1935
