-315.6928
-314.7664
-314.2516
-298.3934
-298.3934
-275.3406
-275.3406
-271.3966
-272.9852
-272.9852
-259.0405
-258.451
-257.0256
-257.0256
-257.0256
-257.0256
-253.9704
-253.9704
-254.8824
-253.9704
-253.7296
-253.7296
-253.7296
-253.7296
-253.7296
-253.7296
-253.7296
-253.7296
-253.7296
-253.7296
-253.7296
-253.7296
-253.7296
-253.7296
-253.7296
-253.7296
-253.7296
-253.7296
-253.7296
-253.7296
-253.7296
-253.7296
-253.7296
-253.7296
-253.7296
-253.7296
-253.7296
-253.7296
-252.1105
-252.1105
-252.1105
-252.1105
-252.1105
-252.1105
-252.1105
-252.1105
-252.1105
-252.1105
-252.1105
-252.1105
-252.1105
-249.8155
-250.6815
-249.8155
-249.8155
-249.8155
-249.8155
-249.8155
-249.8155
-249.8155
-249.8155
-249.8155
-249.8155
-249.8155
-249.8155
-249.8155
-249.8155
-249.8155
-249.8155
-249.8155
-249.8155
-249.8155
-249.8155
-249.8155
-249.8155
-249.8155
-249.8155
-249.8155
-249.8155
-248.9651
-248.9651
-248.9651
-248.9651
-248.9651
-248.9651
-248.9651
-248.9651
-248.9651
-248.9651
-248.9651
-247.0857
-247.0857
-247.0857
-247.0857
-247.0857
-247.0857
-247.0857
-247.0857
-247.0857
-247.0857
-247.0857
-247.0857
-247.0857
-247.0857
-247.0857
-247.0857
-247.0857
-247.0857
-247.0857
-247.0857
-247.0857
-247.0857
-247.0857
-247.0857
-247.0857
-247.0857
-247.0857
-247.0857
-247.0857
-247.0857
-247.0857
-247.0857
-247.0857
-247.0857
-247.0857
-247.0857
-247.0857
-247.0857
-247.0857
-247.0857
-247.0857
-247.0857
-247.0857
-247.0857
-247.0857
-247.0857
-247.0857
-247.0857
-247.0857
-247.0857
-247.0857
-247.0857
-247.0857
-247.0857
-247.0857
-247.0857
-247.0857
-247.0857
-247.0857
-247.0857
-247.0857
-245.1033
-245.1033
-245.1033
-245.1033
-245.1033
-245.1033
-245.1033
-245.1033
-245.1033
-245.1033
-245.1033
-245.1033
-245.1033
-238.6883
-238.6883
-238.6883
-238.6883
-238.6883
-238.6883
-238.6883
-238.6883
-238.6883
-238.6883
-238.6883
-238.6883
-238.6883
-238.6883
-238.6883
-238.6883
-238.6883
-238.6883
-238.6883
-238.6883
-238.6883
-238.6883
-238.6883
-238.6883
-238.6883
-238.6883
-238.6883
-238.6883
-232.003
-232.003
-232.003
-230.7525
-229.8112
-229.8112
-229.8112
-229.8112
-229.8112
-229.8112
-229.8112
-229.8112
-229.8112
-229.8112
-229.8112
-229.6983
-229.6983
-229.6983
-229.6983
-229.6983
-229.6983
-229.6983
-229.6983
-229.6983
-229.6983
-229.6983
-229.6983
-229.6983
-229.6983
-229.6983
-229.6983
-229.6983
-229.6983
-229.6983
-229.6983
-229.6983
-229.6983
-227.5886
-227.5886
-227.5886
-227.5886
-227.5886
-227.5886
-227.5886
-227.5886
-227.5886
-227.5886
-227.5886
-227.5886
-227.5886
-227.5886
-227.5886
-227.5886
-227.5886
-227.5886
-227.5886
-227.5886
-227.5886
-227.5886
-227.5886
-227.5886
-227.5886
-227.5886
-227.5886
-227.5886
-227.5886
-227.5886
-227.5886
-227.5886
-227.5886
-227.5886
-227.5886
-227.5886
-227.5886
-227.5886
-227.5886
-227.5886
-227.5886
-227.5886
-227.5886
-227.5886
-227.5886
-227.5886
-227.5886
-227.5886
-227.5886
-227.5886
-227.5886
-227.5886
-227.5886
-227.5886
-227.5886
-227.5886
-227.5886
-227.5886
-227.5886
-227.5886
-227.5886
-227.5886
