-331.2772
-311.8713
-285.6508
-285.6508
-285.6508
-285.6508
-285.6508
-280.0069
-280.0069
-280.0069
-280.0069
-280.0069
-277.1364
-269.989
-267.5984
-267.5984
-267.4434
-264.0168
-258.047
-254.6204
-254.2422
-253.7874
-253.7874
-251.7991
-251.869
-251.7991
-251.869
-251.7991
-247.4783
-247.4083
-247.4083
-247.4083
-247.4083
-247.4083
-240.552
-239.7256
-239.7256
-239.7256
-239.7256
-239.7256
-239.7256
-239.7256
-239.7256
-239.7256
-239.7256
-239.7256
-239.7256
-239.7256
-239.7256
-239.7256
-239.7256
-239.7256
-239.7256
-239.7256
-239.7256
-239.7256
-239.7256
-239.7256
-239.7256
-239.7256
-239.7256
-239.7256
-239.7256
-239.7256
-239.7256
-239.7256
-239.7256
-239.7256
-237.4305
-237.4305
-237.4305
-237.4305
-235.2442
-235.2442
-235.2442
-235.2442
-235.2442
-235.2442
-235.2442
-235.2442
-235.2442
-235.2442
-233.6939
-235.2442
-235.2442
-235.2442
-235.2442
-235.2442
-235.2442
-235.2442
-235.2442
-235.2442
-235.2442
-235.2442
-235.2442
-235.2442
-235.2442
-235.2442
-235.2442
-235.2442
-231.0101
-231.0101
-231.0101
-231.0101
-231.0101
-231.0101
-230.1832
-230.1832
-230.1832
-230.1832
-230.1832
-230.1832
-230.1832
-230.1832
-230.1832
-230.1832
-230.1832
-230.1832
-230.1832
-230.1832
-230.1832
-230.1832
-226.9846
-227.0384
-226.9846
-226.9846
-226.9846
-226.9846
-226.9846
-226.9846
-226.9846
-226.9846
-226.9846
-226.9846
-226.9846
-226.9846
-226.9846
-226.9846
-226.9846
-226.9846
-226.9846
-226.9846
-226.9846
-226.9846
-226.9846
-226.9846
-226.9846
-226.9846
-226.9846
-226.9846
-226.9846
-226.9846
-226.9846
-226.9846
-226.9846
-226.9846
-226.9846
-226.9846
-226.9846
-226.9846
-226.9846
-226.9846
-226.9846
-226.9846
-226.9846
-226.9846
-226.9846
-226.9846
-226.9846
-226.9846
-226.9846
-226.6001
-226.6001
-226.6001
-226.6001
-226.6001
-209.4523
-209.4523
-209.4523
-204.6767
-204.6767
-204.6767
-204.6767
-204.6767
-204.6767
-204.6767
-204.6767
-204.6767
-204.6767
-204.6767
-201.4132
-201.4132
-201.4132
-201.4132
-201.4132
-201.4132
-201.4132
-201.4132
-200.7845
-200.7845
-200.7845
-200.7845
-200.7845
-200.7845
-200.7845
-200.7845
-200.7845
-200.7845
-200.7845
-200.7845
-200.7845
-200.7845
-200.7845
-200.7845
-200.7845
-200.7845
-200.7845
-200.3385
-200.3385
-200.3385
-200.3385
-200.3385
-200.3385
-200.3385
-200.3385
-200.3385
-200.3385
-200.3385
-200.3385
-199.0891
-199.0891
-199.0891
-199.0891
-199.0891
-199.0891
-199.0891
-199.0891
-199.0891
-199.0891
-199.0891
-199.0891
-198.5757
-198.5757
-198.5757
-198.5757
-198.5757
-198.5757
-198.5757
-198.5757
-198.5757
-197.5232
-197.5232
-197.5232
-197.5232
-197.5232
-197.5232
-197.5232
-197.5232
-197.5232
-197.5232
-197.5232
-197.5232
-197.5232
-197.5232
-197.5232
-196.9333
-196.9333
-196.9333
-196.9333
-196.9333
-196.9333
-196.9333
-196.9333
-196.9333
-196.9333
-196.9333
-196.9333
-196.9333
-196.9333
-196.9333
-196.9333
-196.9333
-196.9333
-196.9333
-196.9333
-196.9333
-196.9333
-196.9333
-196.9333
-196.9333
-196.9333
-196.9333
-196.9333
-196.9333
-196.9333
-196.9333
-196.9333
-196.9333
-195.6068
-195.6068
-195.6068
