-402.0383
-380.9439
-362.2303
-348.4437
-334.4091
-322.3807
-321.8149
-309.6415
-298.4198
-293.9929
-285.0704
-275.9498
-273.7429
-267.4196
-264.7487
-260.1784
-251.3404
-248.9555
-246.3082
-237.8072
-238.1121
-242.1867
-233.9049
-235.5389
-237.8351
-235.6223
-231.6156
-234.9387
-235.7127
-231.8072
-229.5825
-230.7598
-236.1969
-235.361
-233.9399
-228.5632
-223.7596
-220.5101
-221.213
-218.1725
-221.4547
-226.0292
-223.9871
-229.0817
-224.6027
-223.2777
-223.8598
-224.7575
-226.4607
-224.9745
-224.6272
-226.5427
-224.6986
-226.1563
-228.753
-224.9311
-222.0511
-226.8101
-223.3673
-221.9898
-223.8858
-220.9638
-221.4806
-221.9727
-223.3901
-223.7836
-219.2866
-221.0762
-220.9606
-217.6751
-220.8206
-217.9974
-222.5846
-223.5241
-219.1093
-223.5449
-224.3556
-222.5144
-219.6945
-219.6437
-222.6844
-222.6966
-222.7332
-219.4139
-221.1063
-221.6109
-219.4153
-219.8564
-223.9525
-216.522
-221.8343
-219.7728
-222.9016
-217.9211
-222.013
-216.0648
-215.4791
-220.446
-222.0322
-221.7385
-217.6394
-215.0938
-216.6353
-216.0899
-218.7728
-222.4438
-220.7551
-214.8858
-216.4043
-220.8715
-219.725
-218.7472
-219.5495
-221.4186
-218.8127
-220.1655
-218.9896
-223.2366
-210.4477
-214.4492
-219.3759
-214.9442
-215.8746
-219.554
-216.1841
-217.4014
-221.3535
-215.8486
-217.5238
-214.4846
-216.4195
-215.0619
-213.6178
-216.6689
-219.2342
-213.9667
-214.5069
-214.3373
-223.8875
-219.0707
-220.3798
-221.1467
-216.3739
-222.2349
-221.0408
-219.6874
-215.8509
-218.7486
-218.7249
-211.9846
-217.4095
