-312.6905
-290.5086
-275.7242
-268.1703
-260.8576
-256.4084
-245.2787
-244.2334
-238.1314
-237.0852
-212.6088
-212.6088
-212.6088
-212.6088
-212.3406
-211.9251
-201.208
-201.208
-201.208
-200.7925
-201.208
-199.4507
-199.4507
-198.0766
-197.3866
-197.3866
-197.3866
-192.6158
-192.6158
-192.7777
-192.7777
-192.7777
-192.6158
-192.6158
-192.6158
-192.6158
-192.3347
-192.3347
-192.3347
-192.3347
-192.3347
-192.3347
-192.3347
-192.3347
-192.3347
-192.3347
-192.3347
-192.3347
-192.3347
-192.3347
-192.3347
-192.3347
-192.3347
-192.3347
-192.3347
-192.3347
-192.3347
-192.3347
-192.3347
-192.3347
-192.3347
-192.3347
-192.3347
-192.3347
-192.3347
-192.3347
-192.3347
-192.3347
-192.3347
-192.3347
-192.3347
-192.3347
-191
-192.3347
-192.3347
-191.1098
-191.1098
-191.1098
-191.1098
-191.1098
-191.1098
-191.1098
-191.1098
-191.1098
-191.1098
-191.1098
-191.1098
-191.1098
-188.4122
-191.1098
-191.1098
-191.1098
-191.1098
-191.1098
-188.4122
-188.4122
-188.4122
-188.4122
-188.4122
-188.4122
-188.4122
-188.4122
-188.4122
-188.4122
-188.4122
-188.4122
-188.4122
-188.4122
-188.4122
-188.4122
-188.4122
-188.4122
-188.4122
-188.4122
-188.4122
-188.4122
-188.4122
-188.4122
-188.4122
-188.4122
-188.4122
-188.4122
-188.4122
-188.4122
-188.4122
-188.4122
-188.4122
-188.4122
-188.4122
-188.4122
-188.4122
-188.4122
-188.4122
-188.4122
-188.4122
-188.4122
-188.4122
-188.4122
-188.4122
-188.4122
-188.4122
-188.4122
-188.4122
-188.4122
-188.4122
-188.4122
-188.4122
-188.4122
-188.4122
-188.4122
-188.4122
