-446.0963
-411.1498
-386.1033
-362.8761
-340.4116
-324.8885
-319.5408
-310.5625
-304.429
-301.4364
-289.8924
-287.7419
-281.3163
-272.1551
-271.777
-268.0855
-252.3427
-238.6732
-231.7935
-230.5729
-222.5225
-222.4157
-217.4924
-211.9128
-219.129
-217.5673
-216.6783
-214.2695
-217.4189
-211.5266
-206.6907
-206.4087
-216.6281
-208.8633
-207.1691
-214.156
-215.1006
-219.6061
-213.139
-212.4202
-206.9484
-212.2969
-208.8528
-209.1507
-207.1497
-211.4143
-207.554
-208.1117
-207.9545
-204.1279
-206.8829
-210.8269
-209.6575
-212.7907
-206.14
-206.4057
-203.685
-209.4372
-207.4984
-208.5807
-211.7292
-207.4254
-208.4069
-213.5179
-205.1247
-205.5077
-205.3798
-202.8019
-212.5344
-208.9669
-204.813
-202.5556
-205.8325
-204.2963
-203.4473
-213.8999
-209.2784
-211.2196
-212.1458
-210.6445
-205.5642
-204.5695
-211.5278
-209.4171
-206.8823
-206.7119
-210.8239
-207.0487
-215.5278
-211.5408
-209.0205
-209.7769
-209.2069
-207.8735
-205.7087
-207.7837
-210.4828
-205.9358
-208.4953
-211.3176
-205.1313
-206.7009
-208.3815
-204.6985
-205.1171
-209.3713
-211.9097
-210.2433
-213.4787
-203.7113
-208.8136
-209.1396
-211.3454
-211.1447
-209.806
-210.9777
-211.9656
-211.799
-214.1199
-212.6026
-213.4863
-204.972
-205.2661
-212.8834
-220.4837
-208.4354
-209.591
-206.7035
-204.117
-207.568
-205.6174
-208.695
-210.8866
-206.5811
-204.045
-204.3962
-212.2239
-209.6692
-210.7858
-212.2109
-212.5031
-206.1373
-214.4921
-212.0991
-205.7087
-212.3196
-220.6629
-213.5499
-205.7753
-214.2695
-207.8567
