-450.0514
-415.8654
-395.1869
-369.7423
-355.7321
-339.7225
-322.1688
-310.3831
-296.6106
-285.3504
-275.0505
-277.7249
-280.9953
-265.4755
-251.4417
-257.6256
-244.0753
-242.4797
-240.9579
-233.6129
-233.4959
-241.7009
-234.0937
-226.1421
-229.5559
-230.1771
-230.2796
-229.3843
-239.5546
-236.2525
-236.0568
-242.4378
-240.8107
-226.5384
-222.2584
-217.2675
-224.9126
-227.4334
-229.9548
-226.1085
-226.9414
-228.4126
-221.5262
-225.2016
-230.653
-228.6112
-222.0891
-219.8159
-217.3904
-221.4314
-219.6587
-214.4596
-223.8497
-217.5504
-219.1763
-224.1744
-223.7667
-217.591
-209.9438
-217.9423
-213.2923
-220.4438
-212.8336
-216.1311
-217.2688
-217.9936
-206.6403
-216.6759
-215.0663
-213.6054
-222.5055
-211.5443
-213.8279
-215.048
-210.1198
-205.0198
-214.7147
-213.9373
-213.0649
-209.7603
-212.9296
-208.8099
-213.8797
-215.1534
-216.0481
-216.1155
-211.2579
-207.6907
-213.5359
-206.9415
-208.0241
-214.9816
-217.6499
-213.0175
-212.1324
-210.1182
-212.1685
-213.8816
-219.4088
-214.7226
-209.4177
-217.926
-213.1918
-211.012
-211.7505
-209.4207
-217.0726
-216.3368
-214.0493
-209.4961
-215.6624
-220.3802
-215.5902
-215.9987
-217.7198
-218.6446
-212.4581
-211.3044
-206.0432
-213.1208
-216.8905
-211.7062
-207.2622
-214.1098
-216.233
-216.0803
-218.1786
-212.5049
-212.626
-208.8709
-215.9062
-216.6481
-216.0438
-223.2525
-215.5465
-214.022
-211.7087
-209.4011
-211.7827
-216.5262
-211.4724
-205.4931
-210.4346
-218.6805
-216.7985
-221.1763
-219.3822
-214.9931
-211.4538
-212.0959
-215.8894
