-314.1406
-307.4158
-291.0602
-281.0595
-267.0338
-252.0378
-242.3919
-221.3836
-201.3479
-201.3479
-201.3479
-201.3479
-195.1679
-196.5698
-196.5698
-194.482
-191.4384
-191.4384
-191.1568
-185.4845
-185.7732
-180.1009
-181.7123
-181.7123
-182.0384
-181.7123
-181.7123
-181.7123
-181.8671
-181.8671
-181.7123
-182.0384
-181.7123
-181.7123
-181.7123
-181.7123
-181.7123
-181.7123
-181.7123
-181.7123
-181.7123
-181.7123
-181.7123
-181.7123
-180.4861
-179.7782
-179.7782
-179.7782
-179.7782
-179.7782
-179.7782
-177.9413
-177.9413
-177.9413
-177.9413
-177.9413
-177.9413
-177.9413
-177.9413
-177.9413
-177.9413
-177.9413
-177.9413
-177.9413
-177.9413
-177.9413
-177.9413
-177.9413
-177.9413
-177.9413
-177.6611
-177.6611
-177.6611
-177.6611
-177.6611
-177.6611
-177.6611
-177.6611
-177.6611
-177.6611
-177.6611
-177.6611
-177.6611
-177.6611
-177.6611
-177.6611
-177.6611
-177.6611
-177.6611
-177.6611
-177.6611
-177.6611
-177.6611
-177.6611
-177.6611
-177.6611
-177.6611
-177.6611
-177.6611
-177.6611
-177.6611
-177.6611
-177.6611
-177.6611
-177.6611
-177.6611
-177.6611
-177.6611
-177.6611
-177.6611
-177.6611
-177.6611
-177.6611
-177.6611
-177.6611
-177.6611
-177.6611
-177.6611
-177.6611
-177.6611
-177.6611
-177.6611
-177.6611
-177.6611
-177.6611
-177.6611
-177.6611
-177.6611
-177.6611
-177.6611
-177.6611
-177.6611
-177.6611
-177.6611
-177.6611
-177.6611
-177.6611
-177.6611
-177.6611
-177.6611
-177.6611
-177.6611
-177.6611
-177.6611
-177.6611
-177.6611
-177.6611
-177.6611
-177.6611
-177.6611
-177.6611
