-275.3437
-276.2857
-265.8673
-254.773
-253.9165
-235.9553
-235.9507
-231.9796
-228.784
-206.1239
-206.1474
-206.1239
-203.6779
-203.6779
-202.8871
-188.8646
-188.7184
-188.7184
-186.6294
-184.0417
-183.2739
-180.9115
-180.9115
-175.4482
-175.4482
-175.4482
-175.4482
-173.9012
-173.9012
-173.9012
-173.9012
-173.9012
-173.9012
-169.9356
-173.9012
-171.6146
-173.9012
-173.9012
-173.9012
-171.6146
-173.9012
-173.9012
-173.9012
-173.9012
-173.9012
-173.9012
-173.9012
-173.9012
-173.9012
-173.9012
-173.9012
-173.9012
-173.9012
-173.9012
-173.9012
-173.9012
-173.9012
-173.9012
-173.9012
-173.9012
-173.9012
-169.9356
-169.9356
-173.9012
-173.9012
-173.9012
-173.9012
-173.9012
-173.9012
-173.9012
-173.9012
-173.9012
-173.9012
-173.9012
-173.9012
-173.9012
-173.9012
-173.9012
-173.9012
-173.9012
-173.9012
-173.9012
-173.9012
-173.9012
-173.9012
-173.9012
-173.9012
-173.9012
-173.9012
-173.9012
-173.9012
-173.9012
-173.9012
-173.9012
-173.9012
-173.9012
-173.9012
-173.9012
-173.9012
-173.9012
-173.9012
-173.9012
-173.9012
-173.9012
-173.9012
-173.9012
-173.9012
-173.9012
-173.9012
-173.9012
-173.9012
-173.9012
-173.9012
-173.9012
-173.6546
-173.9012
-173.9012
-173.9012
-173.9012
-173.9012
-173.9012
-173.9012
-173.6546
-173.6546
-173.9012
-173.9012
-173.9012
-173.6546
-173.9012
-173.9012
-173.9012
-173.9012
-173.9012
-173.9012
-173.9012
-173.9012
-173.9012
-173.9012
-173.9012
-173.9012
-173.9012
-173.9012
-173.9012
-173.9012
-173.9012
-173.9012
-173.9012
-173.9012
-173.9012
-173.9012
-173.9012
