-274.8419
-252.585
-245.8424
-242.47
-230.9478
-211.1857
-203.8554
-203.3512
-198.8011
-198.127
-196.9984
-186.4764
-186.4764
-179.8871
-178.55
-175.3669
-175.3669
-174.2987
-174.2987
-172.6366
-171.8844
-170.24
-169.0496
-168.4804
-166.0538
-168.1508
-161.8483
-162.6887
-162.6276
-161.7559
-162.6887
-161.6948
-161.6948
-161.6948
-161.6948
-161.6948
-161.6948
-161.6948
-161.6948
-161.6948
-161.6948
-161.6948
-160.8776
-160.8776
-160.8776
-160.8776
-158.4068
-158.4068
-158.4068
-158.4068
-157.9484
-158.4068
-158.4068
-158.4068
-158.4068
-158.4068
-158.4068
-158.4068
-158.4068
-158.4068
-157.9484
-157.9484
-157.9484
-157.9484
-157.9484
-157.9484
-157.9484
-157.9484
-157.9484
-157.9484
-157.9484
-157.9484
-157.9484
-157.9484
-157.9484
-157.9484
-157.9484
-157.9484
-157.9484
-157.9484
-157.9484
-157.9484
-157.9484
-157.9484
-157.9484
-157.9484
-157.9484
-157.9484
-157.9484
-157.9484
-157.9484
-157.9484
-157.9484
-157.9484
-157.9484
-157.9484
-157.9484
-157.9484
-157.9484
-157.9484
-157.9484
-157.9484
-157.9484
-157.9484
-157.9484
-157.9484
-157.9484
-157.9484
-157.9484
-157.9484
-157.9484
-157.9484
-157.9484
-157.9484
-157.9484
-157.9484
-157.9484
-157.9484
-157.9484
-157.9484
-157.9484
-157.9484
-157.9484
-157.9484
-157.9484
-157.9484
-157.9484
-157.9484
-157.9484
-157.9484
-157.9484
-157.9484
-157.9484
-157.9484
-157.9484
-157.9484
-157.9484
-157.9484
-157.9484
-157.9484
-157.9484
-157.9484
-157.9484
-157.9484
-157.9484
-157.9484
-157.9484
-157.9484
-157.9484
-157.9484
-157.9484
