-298.2123
-280.0644
-270.9463
-272.5723
-258.7571
-249.8553
-233.9605
-233.9605
-233.9605
-233.7844
-233.6227
-229.4497
-231.9452
-230.9709
-228.6873
-221.8531
-225.1283
-220.625
-214.244
-213.0025
-210.8717
-208.3775
-207.7697
-205.7751
-204.3471
-204.5626
-205.7751
-205.0637
-203.6443
-203.6443
-203.6443
-203.6443
-203.6443
-203.395
-202.5476
-199.8322
-199.1053
-199.1053
-198.2579
-198.2579
-198.2579
-198.9848
-198.9848
-198.0587
-198.0587
-198.0587
-197.5568
-194.8494
-194.8494
-194.8494
-194.8494
-194.8494
-194.8494
-194.8494
-194.8494
-194.8494
-194.8494
-194.8494
-194.8494
-194.8494
-194.8494
-194.8494
-194.8494
-194.8494
-194.8494
-194.8494
-194.8494
-194.8494
-194.8494
-194.8494
-194.8494
-194.8494
-194.8494
-194.8494
-194.8494
-194.8494
-194.8494
-194.8494
-194.8494
-194.8494
-194.8494
-194.8494
-194.8494
-194.8494
-194.8494
-194.8494
-194.8494
-194.8494
-194.8494
-194.8494
-194.8494
-194.8494
-194.8494
-194.8494
-194.8494
-194.8494
-194.8494
-194.8494
-194.8494
-194.8494
-194.8494
-194.8494
-194.8494
-194.8494
-194.8494
-194.8494
-194.8494
-194.8494
-194.8494
-194.8494
-194.8494
-194.8494
-194.8494
-194.8494
-194.8494
-194.8494
-194.8494
-194.8494
-194.8494
-194.8494
-194.8494
-194.8494
-194.8494
-194.8494
-194.8494
-194.8494
-194.8494
-194.8494
-194.8494
-194.8494
-194.8494
-194.8494
-194.8494
-194.8494
-194.8494
-194.8494
-194.8494
-194.8494
-194.8494
-194.8494
-194.8494
-194.8494
-194.8494
-194.8494
-194.8494
-194.8494
-194.8494
-194.8494
-194.8494
-194.8494
-194.8494
