-431.2949
-402.3311
-377.4027
-360.0261
-336.5326
-327.532
-315.8948
-309.92
-307.6921
-298.891
-291.6593
-288.8458
-281.2828
-277.9744
-270.7572
-275.3392
-267.7162
-260.8389
-263.7335
-262.5307
-259.3784
-254.3261
-255.6906
-257.8928
-249.099
-243.6549
-242.8104
-242.3237
-238.7075
-238.6157
-236.5816
-235.961
-236.2327
-233.1733
-233.0546
-237.5142
-235.5741
-237.6905
-238.2183
-236.6423
-233.4768
-231.9766
-233.0818
-231.7713
-233.9009
-231.6526
-230.4461
-233.2335
-227.4185
-226.2355
-222.4627
-229.0808
-230.7508
-229.4108
-230.594
-227.5027
-229.8754
-224.4634
-223.7767
-223.0654
-228.8998
-228.7424
-222.2569
-225.5558
-227.7302
-222.9525
-221.6499
-226.2959
-223.9037
-221.4579
-221.9037
-227.4409
-223.8263
-225.1658
-226.4089
-231.83
-228.761
-227.7242
-231.8367
-231.9545
-229.596
-228.2366
-225.3376
-228.8411
-225.0725
-227.9409
-227.2645
-224.9625
-229.3596
-224.4569
-224.9915
-221.2834
-219.73
-224.646
-231.1615
-224.8881
-223.5021
-223.9966
-226.1564
-222.2918
-224.3356
-227.8729
-223.6848
-225.0371
-227.6604
-225.5398
-220.3933
-224.088
-227.1847
-224.419
-218.9596
-222.0747
-230.5258
-218.6585
-220.7539
-226.6966
-227.0528
-224.4197
-220.7946
-218.556
-224.4114
-221.8139
-225.5855
-222.5057
-223.4589
-229.8507
-229.004
-222.866
-223.2945
-226.1813
-226.8044
-231.2298
-226.848
-225.0228
-228.737
-225.8452
-224.672
-224.7917
-224.3042
-224.6546
-221.2344
-224.4653
-224.4956
-221.2764
-224.0705
-221.8575
-216.6914
-222.3104
-230.9581
-227.7336
-224.5089
