-401.5479
-374.2731
-356.3206
-341.535
-327.5687
-314.3246
-298.503
-291.5355
-268.5313
-256.4443
-250.0995
-245.8135
-234.94
-225.0411
-222.3463
-221.6261
-217.7375
-215.4984
-213.0235
-212.7515
-211.1493
-206.7837
-203.3437
-200.327
-205.6501
-204.5429
-197.1168
-199.2388
-201.0958
-197.811
-201.2901
-194.5558
-192.2121
-195.265
-196.0258
-197.5935
-195.5085
-191.994
-194.4441
-192.4565
-195.2101
-193.861
-193.4419
-188.8134
-193.4067
-193.4209
-190.6768
-193.0232
-192.8533
-195.0401
-193.8982
-187.2695
-195.5908
-192.642
-192.193
-192.2965
-190.8069
-190.3468
-191.882
-189.6066
-190.4146
-192.0233
-183.747
-188.1044
-185.9846
-184.314
-187.7816
-187.6682
-191.8061
-188.2072
-187.9816
-186.4989
-183.7375
-190.0062
-184.1877
-185.0886
-187.0567
-191.1439
-191.2709
-187.7992
-191.058
-185.9272
-189.7092
-191.0278
-194.0068
-187.9778
-186.226
-187.4155
-188.7137
-187.0063
-186.95
-186.5191
-184.4801
-188.8863
-186.5452
-187.1516
-192.106
-190.1408
-188.2794
-191.5605
-190.1748
-188.5234
-189.6537
-190.3566
-193.3655
-189.4309
-188.1879
-183.5938
-184.333
-193.7045
-188.1904
-192.035
-192.8488
-188.1291
-185.8921
-190.6646
-187.1047
-189.3359
-191.9357
-190.883
-193.0346
-192.6059
-192.7353
-188.7794
-194.6506
-184.23
-185.8287
-188.3232
-191.4804
-189.6029
-191.0782
-193.1693
-190.5006
-193.3581
-189.4568
-189.5473
-184.3178
-186.3587
-182.8199
-189.5246
-186.4549
-194.6904
-194.3685
-183.121
-185.2966
-188.1542
-188.3837
-189.7333
-191.6405
-188.5177
-190.1751
